
-----| test1 |-----------------------

%outlook        $temp   <humid  wind    !play   >dom
over    64.0    65.0    TRUE    yes     0.96
over    64.0    65.0    TRUE    yes     0.92
over    72.0    90.0    TRUE    yes     0.14
over    72.0    90.0    TRUE    yes     0.24
over    81.0    75.0    FALSE   yes     0.74
over    81.0    75.0    FALSE   yes     0.76
over    83.0    86.0    FALSE   yes     0.38
over    83.0    86.0    FALSE   yes     0.28
sunny   69.0    70.0    FALSE   yes     0.68
sunny   69.0    70.0    FALSE   yes     0.74
rainy   65.0    70.0    TRUE    no      0.74
rainy   65.0    70.0    TRUE    no      0.84
sunny   75.0    70.0    TRUE    yes     0.78
sunny   75.0    70.0    TRUE    yes     0.70
rainy   75.0    80.0    FALSE   yes     0.58
rainy   75.0    80.0    FALSE   yes     0.62
rainy   68.0    80.0    FALSE   yes     0.64
rainy   68.0    80.0    FALSE   yes     0.66
sunny   85.0    85.0    FALSE   no      0.42
sunny   85.0    85.0    FALSE   no      0.36
sunny   80.0    90.0    TRUE    no      0.10
sunny   80.0    90.0    TRUE    no      0.20
rainy   71.0    91.0    TRUE    no      0.12
rainy   71.0    91.0    TRUE    no      0.18
sunny   72.0    95.0    FALSE   no      0.08
sunny   72.0    95.0    FALSE   no      0.18
rainy   70.0    96.0    FALSE   yes     0.00
rainy   70.0    96.0    FALSE   yes     0.00
# pass

-----| test2 |-----------------------


%cylinders      $displacement   $horsepower     <weight >acceltn        $model  origin  >mpg    >dom
4       79.0    58.0    1825.0  18.6    77.0    2       40.0    1.00
4       98.0    70.0    2125.0  17.3    82.0    1       40.0    1.00
4       89.0    60.0    1968.0  18.8    80.0    3       40.0    1.00
4       90.0    48.0    2335.0  23.7    80.0    2       40.0    1.00
4       97.0    52.0    2130.0  24.6    82.0    2       40.0    1.00
4       86.0    65.0    2110.0  17.9    80.0    3       50.0    1.00
4       72.0    69.0    1613.0  18.0    71.0    3       40.0    0.98
4       81.0    60.0    1760.0  16.1    81.0    3       40.0    0.98
4       98.0    66.0    1800.0  14.4    78.0    1       40.0    0.98
4       91.0    60.0    1800.0  16.4    78.0    3       40.0    0.98
---------------------------------------------------------------------
---------------------------------------------------------------------
8       455.0   225.0   4425.0  10.0    70.0    1       10.0    0.02
8       383.0   180.0   4955.0  11.5    71.0    1       10.0    0.00
8       429.0   198.0   4952.0  11.5    73.0    1       10.0    0.00
8       455.0   225.0   4951.0  11.0    73.0    1       10.0    0.00
8       350.0   180.0   4499.0  12.5    73.0    1       10.0    0.00
8       400.0   175.0   5140.0  12.0    71.0    1       10.0    0.00
8       350.0   145.0   3988.0  13.0    73.0    1       10.0    0.00
8       360.0   170.0   4654.0  13.0    73.0    1       10.0    0.00
8       440.0   215.0   4312.0  8.5     70.0    1       10.0    0.00
8       400.0   175.0   4464.0  11.5    71.0    1       10.0    0.00
# pass

C:\CSC_791\w5>